amino.acid	f.0	f.1	f.2	f.3	f.4
A	0.6485305602238322	0.17791626771329916	0.14172700175306985	0.6978186272415431	0.5309477026626801
C	0.13393525214882984	0.199717714684577	0.709047014136393	0.6254435357394121	0.7462715129724837
D	0.9936499945272146	0.04294043450513174	0.9837008961195809	0.23520285923988093	0.22605840700748459
E	0.6952909619269476	0.6870019173301122	0.33127101985111773	0.010933923447635996	0.13096536794225366
F	0.7759122594888647	0.13819265136358505	0.8742090738598487	0.5647205862859368	0.8825305211129794
G	0.4131296584110231	0.3821885045413269	0.6698145498899386	0.7512151154186976	0.322592881361774
H	0.45392831190339344	0.8955053447277067	0.1266810980882036	0.8183051696548381	0.5903421737622006
I	0.6163279540234994	0.05703131233700176	0.9120909567511751	0.3268238369201186	0.6034754446169416
K	0.8282211193659267	0.7227965130075371	0.7522320397673142	0.6842831588218817	0.019877163953729515
L	0.465140525324517	0.8550460239868373	0.8085100703667686	0.4056681740628897	0.8244328112002915
M	0.36188102499045616	0.6629890288690116	0.7739467892733414	0.6279410630309402	0.5012804312822713
N	0.3227096697533627	0.38641684036602886	0.49967023722749737	0.48002547287003783	0.062137784838762644
P	0.17201374143425885	0.8573566587883547	0.6673606792115468	0.5070257182558147	0.919732588395336
Q	0.15408408480065927	0.1996436641706011	0.30725744446191183	0.07061401991003813	0.7702393809249516
R	0.44719091324094473	0.733440145420495	0.33732617799406195	0.313969253456582	0.8104408988844988
S	0.2740534954834002	0.5424592970541462	0.1075554844759481	0.6732494618594108	0.1398142514367532
T	0.04133280774427994	0.163187307338296	0.23806391351465683	0.46726114286206144	0.014124608578840014
V	0.4559982625509691	0.7338883154681621	0.808210947403689	0.1657685514089694	0.30256439690685866
W	0.9235411316960178	0.45054846023262485	0.5133427817955553	0.34324745245681276	0.6388869027913698
Y	0.08858102035867477	0.3692136923837781	0.7146410515843297	0.04697653878243413	0.6815681812417741
