amino.acid	f.0	f.1	f.2	f.3	f.4
A	0.9763323753697234	0.19900052195192297	0.3225546701331107	0.8434080212181048	0.3634974161473232
C	0.5633520654984131	0.28598192475299045	0.12329372104579395	0.6255462908427311	0.2650124773642114
D	0.22819041052083489	0.9425084109186266	0.019324014612493	0.03565321475674199	0.23434292657433387
E	0.3867293222204571	0.44939839503874235	0.5831423944175467	0.5630640212594789	0.7619878449441674
F	0.8823212462246741	0.007611012255898775	0.4375888005241315	0.26698305600304284	0.5845867381270902
G	0.5000127028356006	0.6187381938445957	0.18140697829346997	0.06238749107375352	0.8816687672793937
H	0.7054446991926633	0.5728108112656364	0.5651619659073172	0.000473303904363398	0.015800448220061325
I	0.7493510487776697	0.2587967161821283	0.2892314449053054	0.4872825205211476	0.7989217133074691
K	0.5764876230810804	0.8049297263575236	0.2833555021477221	0.09044599114861906	0.9569376029268856
L	0.08120638612708808	0.12180289160416569	0.07677612019270474	0.9355825556310112	0.2659884027299396
M	0.9381673946807964	0.9003387035146547	0.8481683548039121	0.5434651940027373	0.7145230768092729
N	0.010312206081506847	0.5424875200733779	0.02017265675265456	0.6145345591586377	0.2980221691935133
P	0.42764303017015826	0.9610029655305939	0.6911422276541975	0.06608626452346034	0.11552744464184195
Q	0.7941867059334282	0.118136003571226	0.4343075800516101	0.6314811938888761	0.7546813083686689
R	0.6706604006286446	0.12537987983427368	0.5327949443759283	0.04256107136550191	0.8685032754256622
S	0.966502001776453	0.6635831179612947	0.3905263627285336	0.16891207710829537	0.5003702502568681
T	0.7301981375827613	0.6377430850429497	0.906304270285791	0.890783485558472	0.8997636839811243
V	0.5241936243415342	0.36017772788262215	0.6581476854893067	0.9683908109406104	0.5818137791040051
W	0.09733890326357042	0.6334124407191613	0.37138638502214794	0.05879209383456174	0.5648140393843816
Y	0.8147214277712553	0.32936557732612015	0.6126216478344222	0.7657024989757618	0.5224349681161504
